187 188 189 191 192 193 194 195 255 257 258 260 261 262 263 264 266 267 268 269 270 271 272 273 274 
152 150 151 155 156 158 159 160 161 162 163 225 226 227 229 230 
92 83 84 85 89 90 91 93 94 95 96 
277 164 165 166 167 168 170 171 172 173 174 175 176 275 276 286 287 288 289 290 291 
252 169 251 253 254 256 259 265 299 
244 231 232 233 234 235 236 237 238 239 240 241 242 243 245 246 247 248 249 250 
140 118 135 136 138 139 141 142 143 144 145 117 123 124 
280 279 281 282 283 284 285 298 
208 197 198 199 200 201 202 203 204 205 206 207 209 210 211 60 66 
297 292 293 294 295 296 
177 62 76 110 111 112 178 179 180 181 182 183 184 185 186 190 
212 149 213 214 215 216 217 218 219 220 221 222 223 
65 63 64 67 68 69 71 72 46 153 157 
106 97 98 99 101 102 104 105 107 108 109 79 
121 114 116 119 120 122 147 
61 
70 
73 
74 
75 
77 
78 
80 
81 182 184 185 186 
82 
86 
87 
88 
100 
103 
113 
115 
125 
126 
127 
128 
129 
130 
131 
132 
133 
134 
137 
146 151 152 
148 
154 
196 
224 
228 
278 